39.981727
39.981735
39.981738
39.981749
39.981756
39.981769
39.981786
39.981789
39.981794
39.981784
39.98178
39.981771
39.981762
39.981758
39.981738
39.981721
39.981706
39.981696
39.981678
39.98167
39.981643
39.981643
39.981635
39.981624
39.981614
39.981599
39.981592
39.981578
39.981573
39.981577
39.981562
39.981554
39.981553
39.981536
39.98152
39.981494
39.981474
39.981448
39.981435
39.981423
39.981427
39.981414
39.981398
39.981398
39.981398
39.981397
39.981392
39.98139
39.981387
39.981381
39.981376
39.981361
39.981347
39.981332
39.981319
39.981307
39.981301
39.981297
39.981288
39.981275
39.981263
39.981251
39.98124
39.981225
39.981214
39.98121
39.981204
39.981204
39.981204
39.981205
39.981205
39.981204
39.981205
39.981205
39.981205
39.981204
39.9812
39.981198
39.981195
39.981178
39.981165
39.981165
39.981159
39.981158
39.981151
39.981145
39.981129
39.981128
39.981123
39.981117
39.981107
39.981092
39.981088
39.981085
39.981083
39.981082
39.981082
39.981082
39.981081
39.981081
39.981081
39.981071
39.98106
39.981052
39.981042
39.981033
39.981024
39.981016
39.981006
39.980993
39.980983
39.980973
39.980963
39.980951
39.98094
39.980931
39.98092
39.980911
39.980903
39.98089
39.980881
39.980869
39.980858
39.980852
39.98084
39.98083
39.98082
39.980809
39.980798
39.980786
39.980778
39.980765
39.980754
39.980746
39.980738
39.98073
39.980719
39.98071
39.980703
39.980695
39.980685
39.980677
39.980669
39.98066
39.980654
39.980646
39.980632
39.980624
39.980615
39.980608
39.980599
39.980595
39.980586
39.980574
39.980564
39.980559
39.980551
39.98054
39.980534
39.980532
39.980534
39.980534
39.980534
39.980536
39.980539
39.980538
39.980536
39.980536
39.980536
39.980527
39.980525
39.980522
39.980517
39.980512
39.980512
39.980507
39.980505
39.980491
39.980486
39.980479
39.980476
39.98047
39.980465
39.980465
39.980455
39.980453
39.980447
39.980433
39.980427
39.980415
39.980405
39.980394
39.980385
39.980381
39.980373
39.980363
39.980353
39.980328
39.980307
39.980247
39.980217
39.980198
39.980193
39.980177
39.980171
39.980164
39.980154
39.980143
39.980135
39.980129
39.980122
39.980115
39.980113
39.980107
39.980098
39.980088
39.980081
39.980077
39.980073
39.980068
39.980052
39.980023
39.980017
39.980012
39.980007
39.980002
39.979994
39.979987
39.979981
39.979972
39.979966
39.97996
39.97995
39.979943
39.979928
39.979918
39.979905
39.979896
39.979889
39.979884
39.979876
39.979872
39.979862
39.979853
39.979852
39.979845
39.979839
39.979832
39.979823
39.979816
39.979806
39.979797
39.979789
39.979777
39.979762
39.979756
39.979745
39.979735
39.979727
39.979715
39.979713
39.979709
39.97971
39.979707
39.979715
39.979703
39.979703
39.97969
39.979681
39.979679
39.979671
39.979665
39.97966
39.979654
39.97965
39.979649
39.979639
39.979628
39.979625
39.979617
39.97961
39.979605
39.979601
39.979598
39.979601
39.979608
39.979614
39.979613
39.97961
39.979606
39.979617
39.979615
39.979595
39.979575
39.97955
39.979524
39.979504
39.979491
39.979471
39.979451
39.979428
39.979398
39.979368
39.979342
39.979308
39.979282
39.979254
39.979229
39.979202
39.979182
39.97916
39.979128
39.97909
39.979047
39.97901
39.978973
39.978932
39.978894
39.978858
39.97883
39.978797
39.978766
39.978728
39.978702
39.978667
39.978625
39.978591
39.978556
39.978527
39.978501
39.978471
39.978447
39.978413
39.978379
39.978339
39.978317
39.978281
39.97825
39.978219
39.97819
39.978159
39.978125
39.978098
39.978068
39.978037
39.978009
39.977978
39.977949
39.977921
39.977894
39.977867
39.977834
39.977804
39.977775
39.977746
39.977719
39.977694
39.977663
39.977632
39.97761
39.977591
39.977581
39.977583
39.977583
39.977588
39.977596
39.977606
39.977618
39.977626
39.977625
39.977631
39.977632
39.977639
39.977643
39.977648
39.977655
39.977662
39.977665
39.977662
39.977662
39.977663
39.977659
39.977653
39.977648
39.977644
39.977637
39.977632
39.977627
39.977622
39.977618
39.977614
39.97761
39.977605
39.9776
39.977596
39.977593
39.977589
39.977586
39.977584
39.977579
39.977573
39.977567
39.977561
39.977553
39.977548
39.97754
39.97753
39.977508
39.977498
39.977487
39.977475
39.977466
39.97745
39.977432
39.977417
39.977404
39.977392
39.977379
39.977368
39.97736
39.977356
39.977349
39.977327
39.977313
39.9773
39.977288
39.977278
39.97727
39.977249
39.977237
39.977227
39.977216
39.977211
39.977197
39.977181
39.977168
39.977162
39.977154
39.977139
39.977131
39.977125
39.977118
39.977109
39.9771
39.977092
39.977085
39.977078
39.977077
39.977071
39.977062
39.977056
39.977041
39.977029
39.977016
39.977013
39.977004
39.976995
39.976988
39.97698
39.976971
39.976962
39.976954
39.976953
39.976937
39.976945
39.976958
39.976956
39.976946
39.976935
39.976928
39.976911
39.976906
39.976897
39.976899
39.976893
39.976881
39.976863
39.976862
39.97685
39.97684
39.976823
39.976818
39.976797
39.976777
39.97676
39.976741
39.976719
39.976709
39.976709
39.976695
39.976697
39.976686
39.976673
39.976661
39.976653
39.976644
39.976637
39.976624
39.976615
39.976603
39.97659
39.976578
39.976564
39.976556
39.976549
39.97654
39.976529
39.976515
39.976507
39.976499
39.976492
39.976488
39.976482
39.976474
39.976465
39.976455
39.976457
39.976453
39.976443
39.976429
39.976421
39.976412
39.976406
39.976402
39.976395
39.976392
39.976384
39.976377
39.976368
39.976362
39.97635
39.976342
39.976335
39.976338
39.976339
39.976334
39.976322
39.976315
39.97631
39.976306
39.976302
39.976299
39.976296
39.976295
39.976292
39.976289
39.976285
39.976282
39.976282
39.976288
39.976295
39.976295
39.976293
39.976291
39.976276
39.976268
39.976249
39.976236
39.976219
39.976198
39.976174
39.976149
39.976118
39.976094
39.976064
39.976034
39.976005
39.975975
39.975946
39.975917
39.975889
39.975859
39.975828
39.975866
39.975911
39.980037
39.977294
39.977299
39.977302
39.976122
39.976139
39.976146
39.976182
39.976252
39.976279
39.976286
39.976296
39.976307
39.976325
39.976339
39.976345
39.976347
39.976357
39.976359
39.976362
39.976356
39.976345
39.97633
39.976323
39.976323
39.976318
39.97631
39.976308
39.976317
39.976305
39.976302
39.97631
39.976315
39.976324
39.976316
39.976318
39.976314
39.976317
39.976315
39.976315
39.976311
39.976311
39.976306
39.976306
39.976294
39.97629
39.976288
39.976288
39.976285
39.976282
39.976277
39.976272
39.976265
39.976262
39.976255
39.976252
39.976249
39.976248
39.976248
39.976248
39.976245
39.976243
39.976243
39.976243
39.976243
39.976241
39.976232
39.976228
39.976229
39.976234
39.976242
39.976246
39.97624
39.976246
39.976253
39.976262
39.976277
39.97629
39.976298
39.976311
39.976321
39.976316
39.976323
39.976333
39.976341
39.976353
39.976367
39.976375
39.976379
39.976382
39.976418
39.976446
39.976454
39.976452
39.976456
39.976453
39.976456
39.976464
39.976478
39.976488
39.976515
39.976522
39.976526
39.976528
39.976532
39.976573
39.976577
39.976583
39.976612
39.976607
39.976612
39.976618
39.976616
39.97662
39.976622
39.976622
39.976624
39.976649
39.976665
39.976667
39.976673
39.97668
39.976688
39.976699
39.976705
39.976716
39.97674
39.976752
39.976768
39.976796
39.976799
39.976806
39.976819
39.976826
39.976832
39.976839
39.976845
39.976856
39.976862
39.976863
39.976868
39.976874
39.976876
39.976878
39.976883
39.97689
39.976894
39.976902
39.976906
39.976883
39.97688
39.976879
39.976868
39.976876
39.976882
39.976886
39.976894
39.976895
39.976902
39.97691
39.976913
39.976918
39.976923
39.976926
39.976928
39.976939
39.976944
39.976952
39.976959
39.976964
39.976971
39.976981
39.976987
39.976996
39.977004
39.977013
39.977018
39.977019
39.977024
39.977035
39.977044
39.977061
39.977076
39.977084
39.97709
39.977096
39.977099
39.977105
39.977107
39.97711
39.977114
39.977124
39.977133
39.977139
39.977151
39.977159
39.977165
39.977164
39.977169
39.977174
39.977177
39.977181
39.977186
39.977197
39.977206
39.977214
39.977218
39.977228
39.977242
39.977248
39.977264
39.977274
39.977304
39.977317
39.977324
39.977325
39.977329
39.977338
39.977349
39.977352
39.977359
39.977368
39.977373
39.97738
39.977404
39.977421
39.977421
39.977419
39.977423
39.977444
39.977445
39.977447
39.977451
39.977461
39.977493
39.977509
39.9775
39.977514
39.977501
39.977556
39.977569
39.977563
39.977571
39.977563
39.977601
39.977605
39.977608
39.97762
39.977628
39.977654
39.977688
39.9777
39.97769
39.977699
39.977699
39.97776
39.97779
39.977795
39.977814
39.97783
39.977833
39.977831
39.977831
39.977828
39.977824
39.977816
39.977815
39.977815
39.977818
39.977821
39.977822
39.977803
39.9778
39.977795
39.977795
39.977795
39.977791
39.977792
39.977794
39.977799
39.977798
39.977796
39.977796
39.977791
39.977788
39.977792
39.977802
39.977803
39.977809
39.977814
39.977816
39.977802
39.977815
39.977813
39.977822
39.977839
39.977844
39.977846
39.977856
39.97786
39.97786
39.977871
39.977878
39.977913
39.977924
39.977929
39.977931
39.977937
39.977971
39.977989
39.978013
39.978023
39.978031
39.978033
39.97804
39.978048
39.97806
39.978076
39.978087
39.978095
39.978101
39.978102
39.978105
39.978106
39.978112
39.978117
39.978119
39.978134
39.978138
39.978156
39.978161
39.978159
39.978152
39.978156
39.978165
39.978162
39.978166
39.978164
39.978166
39.978169
39.978173
39.978179
39.978183
39.978187
39.978191
39.978208
39.978216
39.978225
39.978226
39.97823
39.978228
39.978233
39.978237
39.978241
39.97825
39.978256
39.978257
39.97826
39.978259
39.978259
39.978259
39.978263
39.978264
39.978263
39.978261
39.978251
39.97825
39.978244
39.978241
39.978246
39.978247
39.978275
39.978284
39.978287
39.97829
39.978292
39.978296
39.978299
39.978258
39.978257
39.978258
39.978267
39.978273
39.97824
39.978254
39.978258
39.978264
39.978236
39.978242
39.978249
39.978259
39.978249
39.978241
39.97824
39.978249
39.978247
39.978255
39.978266
39.978278
39.978283
39.978291
39.978299
39.978309
39.978311
39.978311
39.978307
39.978293
39.978309
39.978311
39.978329
39.978333
39.978327
39.978339
39.978343
39.978355
39.978361
39.978368
39.978372
39.978367
39.97837
39.978389
39.978393
39.978393
39.9784
39.978392
39.9784
39.9784
39.978423
39.978448
39.978459
39.978474
39.978483
39.978494
39.978495
39.978492
39.978483
39.978479
39.978481
39.978487
39.978481
39.978471
39.978456
39.978459
39.978469
39.978471
39.978472
39.978472
39.978475
39.978475
39.978474
39.978471
39.978467
39.978475
39.978474
39.978476
39.97848
39.978493
39.978495
39.978496
39.97849
39.97849
39.978499
39.978498
39.978498
39.978499
39.978497
39.978506
39.97851
39.978516
39.978524
39.978526
39.978528
39.978533
39.978534
39.978538
39.97853
39.978534
39.978541
39.978545
39.978526
39.978526
39.97852
39.978527
39.978534
39.978537
39.97855
39.97856
39.978559
39.978575
39.978581
39.978593
39.9786
39.978598
39.978599
39.978603
39.978606
39.978613
39.978615
39.978615
39.978615
39.978616
39.978627
39.978623
39.978628
39.978632
39.978636
39.97864
39.978643
39.978644
39.978653
39.978657
39.978651
39.978651
39.978642
39.978651
39.97865
39.978655
39.978661
39.978659
39.978659
39.978661
39.978677
39.978678
39.978681
39.978687
39.978678
39.97868
39.978684
39.978682
39.978683
39.978665
39.978672
39.978674
39.978676
39.978675
39.978682
39.978683
39.978687
39.978707
39.978702
39.978701
39.978704
39.978709
39.97871
39.97871
39.978706
39.978701
39.978698
39.978708
39.978723
39.978728
39.978732
39.978736
39.978738
39.978735
39.978737
39.978734
39.978728
39.978724
39.978733
39.978739
39.978747
39.978749
39.978749
39.978739
39.978732
39.978722
39.97872
39.978725
39.978686
39.978674
39.978675
39.978713
39.978699
39.978696
39.978705
39.978701
39.978686
39.978681
39.978676
39.978668
39.978665
39.97866
39.978657
39.978655
39.97865
39.978639
39.978639
39.978623
39.978624
39.978619
39.978595
39.978591
39.97859
39.978609
39.978597
39.978592
39.978609
39.978609
39.978604
39.978598
39.978595
39.978591
39.978589
39.978587
39.978596
39.978601
39.978598
39.978603
39.978608
39.97862
39.978627
39.978631
39.978645
39.978646
39.978643
39.978635
39.978634
39.978631
39.978631
39.978607
39.978593
39.978603
39.97861
39.978609
39.978605
39.978603
39.978596
39.978591
39.978585
39.978581
39.978579
39.97858
39.978585
39.978584
39.978574
39.978586
39.978597
39.9786
39.978611
39.978623
39.978627
39.978627
39.978657
39.978676
39.978681
39.978681
39.978684
39.978682
39.978673
39.978688
39.978689
39.978688
39.978684
39.978692
39.978691
39.978695
39.978694
39.978689
39.978689
39.978689
39.978687
39.978679
39.978669
39.978669
39.978675
39.97867
39.97867
39.978663
39.978663
39.978651
39.978644
39.978636
39.978633
39.978627
39.978616
39.978614
39.978611
39.978598
39.978577
39.97856
39.978553
39.978544
39.978538
39.978533
39.978527
39.978521
39.978502
39.978491
39.978477
39.97846
39.978451
39.978438
39.978436
39.978436
39.978434
39.978446
39.978454
39.978461
39.978472
39.978467
39.978478
39.978468
39.97848
39.978475
39.978467
39.97846
39.978455
39.978449
39.978443
39.978428
39.978419
39.978415
39.978364
39.978355
39.978338
39.97833
39.978316
39.978308
39.97831
39.978301
39.978315
39.97831
39.978306
39.978226
39.978198
39.978198
39.978199
39.978189
39.978182
39.978177
39.978174
39.97817
39.978169
39.978142
39.978141
39.97813
39.978129
39.978128
39.97811
39.978088
39.978072
39.978074
39.978067
39.978067
39.97807
39.97807
39.97807
39.978054
39.978066
39.978056
39.978053
39.978048
39.978041
39.978042
39.97804
39.978057
39.978068
39.978061
39.978078
39.978074
39.978064
39.978069
39.978065
39.978058
39.978059
39.978057
39.978076
39.978103
39.978121
39.978142
39.978169
39.978183
39.978188
39.978202
39.978201
39.978214
39.978222
39.978238
39.978258
39.978271
39.978286
39.978298
39.9783
39.978311
39.978315
39.978322
39.978333
39.978339
39.978343
39.978352
39.97836
39.978369
39.978381
39.97839
39.978399
39.978411
39.978418
39.978425
39.978429
39.978451
39.978453
39.978464
39.978473
39.97848
39.978482
39.978487
39.978489
39.978493
39.978497
39.978502
39.978498
39.9785
39.9785
39.978499
39.97849
39.978485
39.97849
39.978494
39.97851
39.978517
39.978528
39.978542
39.978555
39.978569
39.978573
39.97858
39.978589
39.978593
39.978595
39.978602
39.97862
39.978631
39.978646
39.978658
39.978664
39.978677
39.978683
39.978694
39.978699
39.978705
39.978715
39.978727
39.978731
39.978735
39.978732
39.978732
39.97873
39.978729
39.978725
39.978717
39.978722
39.978721
39.97872
39.97872
39.97872
39.97872
39.97872
39.978719
39.978719
39.978719
39.978719
39.978719
39.978719
39.978719
39.978719
39.978719
39.978719
39.978718
39.978718
39.978718
39.978718
39.978718
39.978718
39.978718
39.978718
39.978717
39.978717
39.978717
39.978717
39.978717
39.978717
39.978717
39.978717
39.978717
39.978717
39.978717
39.978717
39.978717
39.978717
39.978717
39.978716
39.978716
39.978716
39.978716
39.978716
39.978716
39.978716
39.978715
39.978715
39.978715
39.978715
39.978715
39.978715
39.978715
39.978715
39.978715
39.978715
39.978715
39.978715
39.978715
39.978715
39.978715
39.978715
39.978713
39.978713
39.978712
39.978712
39.97871
39.978708
39.978706
39.978704
39.978702
39.978699
39.978696
39.978694
39.978692
39.97869
39.978688
39.978687
39.978687
39.97869
39.978694
39.978698
39.978701
39.978703
39.978705
39.978706
39.978705
39.978705
39.978705
39.978705
39.978704
39.9787
39.978698
39.978696
39.978697
39.978697
39.978699
39.9787
39.978702
39.9787
39.978693
39.978685
39.978678
39.978674
39.97866
39.978651
39.978644
39.978637
39.978631
39.978627
39.978619
39.97861
39.978603
39.978594
39.978589
39.978584
39.978571
39.978566
39.978565
39.978563
39.978569
39.978577
39.978586
39.978594
39.978604
39.978613
39.978617
39.978617
39.978621
39.978636
39.978649
39.978654
39.978663
39.978678
39.97869
39.978701
39.97871
39.97872
39.978727
39.978731
39.978732
39.978736
39.978742
39.978746
39.978735
39.978752
39.978754
39.978755
39.978759
39.978762
39.978762
39.978762
39.978759
39.97876
39.978762
39.978762
39.978781
39.978786
39.978793
39.978798
39.978798
39.978805
39.97881
39.978809
39.978822
39.978828
39.978828
39.978829
39.978831
39.978829
39.978828
39.978823
39.978824
39.978828
39.978826
39.978822
39.978825
39.978823
39.978832
39.978835
39.978836
39.978847
39.978847
39.978854
39.978859
39.978868
39.978868
39.978877
39.978884
39.978889
39.978896
39.978904
39.978919
39.978918
39.978924
39.978924
39.978925
39.978925
39.978929
39.978936
39.978936
39.978938
39.978942
39.978946
39.978948
39.978952
39.978958
39.978961
39.978968
39.978972
39.978977
39.978963
39.978948
39.978954
39.978951
39.978942
39.978936
39.978942
39.978946
39.978955
39.978964
39.978965
39.978972
39.978978
39.978979
39.97898
39.978986
39.978991
39.978994
39.978999
39.979009
39.979018
39.979021
39.979028
39.979034
39.979036
39.979038
39.979045
39.979051
39.979054
39.979054
39.979055
39.979055
39.97906
39.979066
39.979076
39.979084
39.979091
39.979099
39.979106
39.979114
39.979122
39.979126
39.979134
39.97914
39.97914
39.97915
39.979153
39.979157
39.979166
39.979168
39.979171
39.979178
39.979184
39.97919
39.979195
39.979204
39.979211
39.979222
39.979231
39.979237
39.979245
39.979252
39.979255
39.979261
39.979269
39.979274
39.97928
39.979285
39.979292
39.9793
39.97931
39.979317
39.979322
39.979326
39.979331
39.979337
39.979346
39.97935
39.979357
39.979364
39.979374
39.979381
39.979385
39.979389
39.979395
39.979404
39.979407
39.979412
39.979418
39.979429
39.979442
39.979452
39.979458
39.979476
39.97948
39.979488
39.979495
39.979502
39.979507
39.979511
39.979518
39.979522
39.979525
39.979528
39.979535
39.979543
39.979548
39.979555
39.979559
39.979564
39.97957
39.979569
39.979568
39.979572
39.97958
39.979584
39.97958
39.979584
39.979586
39.979584
39.979583
39.97959
39.979598
39.979604
39.979599
39.979608
39.979616
39.979628
39.979633
39.979637
39.979646
39.979652
39.979654
39.979657
39.979657
39.979663
39.979671
39.979675
39.979678
39.979681
39.979691
39.979697
39.979709
39.979709
39.979723
39.979731
39.979745
39.979756
39.979757
39.979748
39.979751
39.979757
39.979767
39.979773
39.979779
39.979784
39.979785
39.97979
39.979796
39.979806
39.979814
39.979826
39.979839
39.979852
39.979856
39.979858
39.979868
39.979885
39.979901
39.979907
39.979913
39.979919
39.979931
39.979938
39.979946
39.979957
39.979963
39.979969
39.979977
39.979981
39.979984
39.979989
39.979997
39.979999
39.980004
39.980012
39.980024
39.980027
39.980025
39.98003
39.980031
39.980032
39.980032
39.980022
39.980003
39.979971
39.979989
39.979997
39.979986
39.979981
39.979975
39.979976
39.979975
39.979976
39.979976
39.979972
39.97997
39.979967
39.979969
39.979969
39.979965
39.979972
39.979981
39.979974
39.979983
39.97998
39.979977
39.979979
39.979984
39.979992
39.980006
39.980014
39.980031
39.98004
39.980046
39.980053
39.980062
39.980072
39.980082
39.980091
39.980104
39.980107
39.980112
39.980119
39.98012
39.980126
39.980134
39.980138
39.980143
39.980154
39.980161
39.980169
39.980176
39.980182
39.980184
39.980189
39.98019
39.980192
39.98019
39.980196
39.980204
39.980209
39.980217
39.98022
39.980211
39.980224
39.980227
39.980226
39.980233
39.980233
39.980236
39.980236
39.980243
39.980249
39.980245
39.980249
39.980245
39.980243
39.980237
39.98023
39.980223
39.980215
39.980208
39.980198
39.980194
39.980188
39.980177
39.980165
39.980157
39.980151
39.980155
39.98015
39.980153
39.980153
39.980153
39.980155
39.980135
39.980128
39.98013
39.98014
39.980146
39.980149
39.980157
39.980163
39.980169
39.980178
39.980182
39.980201
39.980215
39.980224
39.980234
39.980242
39.980253
39.980253
39.980255
39.980263
39.980271
39.980279
39.980287
39.980297
39.980309
39.980318
39.980326
39.980329
39.980333
39.980334
39.980334
39.980328
39.980325
39.980316
39.980316
39.980315
39.980303
39.9803
39.980291
39.980293
39.980285
39.980255
39.980236
39.980228
39.980217
39.980212
39.980214
39.980225
39.980223
39.980217
39.980209
39.980204
39.980202
39.980208
39.980217
39.98023
39.980233
39.980247
39.980253
39.980254
39.980262
39.98027
39.980272
39.980274
39.980308
39.980316
39.980325
39.980336
39.980346
39.980353
39.980359
39.98037
39.980352
39.980347
39.980344
39.980334
39.980333
39.980323
39.980311
39.980314
39.980314
39.980313
39.980313
39.980314
39.980315
39.980319
39.980321
39.980328
39.980339
39.980349
39.980354
39.980345
39.980344
39.980343
39.980347
39.98035
39.980353
39.980351
39.980347
39.980349
39.980351
39.980352
39.980348
39.980348
39.980351
39.980351
39.98035
39.980346
39.980345
39.980339
39.980319
39.980305
39.980319
39.980335
39.980349
39.980397
39.980398
39.980403
39.980399
39.980396
39.980421
39.980422
39.980396
39.980397
39.980412
39.980405
39.980379
39.980378
39.980388
39.980408
39.980408
39.980395
39.980398
39.980417
39.98042
39.980438
39.980438
39.980435
39.98044
39.980446
39.980468
39.980463
39.980464
39.980472
39.980477
39.980479
39.980493
39.980502
39.980521
39.98054
39.980553
39.98056
39.980571
39.980578
39.980585
39.980597
39.980604
39.980608
39.980611
39.980624
39.980641
39.980647
39.980655
39.980666
39.98068
39.980681
39.980696
39.98071
39.980713
39.98072
39.980735
39.980747
39.980761
39.980767
39.98079
39.980799
39.980813
39.980822
39.980828
39.980836
39.980848
39.980859
39.980867
39.980874
39.980884
39.980897
39.98091
39.980915
39.980929
39.98094
39.980947
39.980952
39.980964
39.980978
39.980984
39.980991
39.981001
39.981005
39.981006
39.981017
39.98101
39.981012
39.981016
39.981036
39.98104
39.981067
39.981068
39.981068
39.981072
39.981076
39.981084
39.981087
39.981072
39.981083
39.981079
39.981076
39.981079
39.981074
39.981066
39.981057
39.981055
39.981046
39.981031
39.981022
39.981021
39.981019
39.981008
39.980991
39.98098
39.980983
39.980979
39.980965
39.980942
39.980922
39.980933
39.980932
39.980932
39.98093
39.980926
39.980925
39.980911
39.98091
39.980897
39.980896
39.980891
39.980887
39.980894
39.980896
39.980882
39.980868
39.980871
39.98088
39.980865
39.980878
39.980891
39.980904
39.980917
39.980911
39.980914
39.980906
39.980904
39.980922
39.980927
39.980938
39.980937
39.980932
39.980931
39.980938
39.980946
39.980949
39.980955
39.980959
39.980955
39.980952
39.980941
39.980921
39.980931
39.980931
39.980942
39.980949
39.98095
39.980946
39.980944
39.980954
39.980969
39.980981
39.980996
39.98101
39.981018
39.98103
39.981037
39.981051
39.981057
39.981044
39.981052
39.981056
39.981059
39.981055
39.981053
39.981063
39.981074
39.981063
39.981054
39.98106
39.981075
39.981082
39.981096
39.981109
39.981128
39.981132
39.981137
39.981147
39.981146
39.981163
39.98117
39.981177
39.981181
39.981188
39.981204
39.981217
39.981218
39.981225
39.981237
39.981252
39.98126
39.981273
39.981276
39.981282
39.981285
39.981286
39.98129
39.981283
39.981276
39.981277
39.981275
39.981273
39.98127
39.981269
39.981274
39.98128
39.98129
39.981302
39.981304
39.981318
39.981348
39.981383
39.981429
39.98148
39.981525
39.981583
39.981641
39.981679
39.981718
39.981738
39.981775
39.981815
39.981882
39.981949
39.982012
39.982081
39.982147
39.982212
39.982275
39.982334
39.982391
39.982449
39.982499
39.982547
39.982593
39.982641
39.982688
39.982732
39.98277
39.982801
39.982847
39.982874
39.982895
39.982901
39.982922
39.982952
39.982977
39.982992
39.982996
39.982957
39.982951
39.982946
39.982943
39.982947
39.982954
39.98296
39.982979
39.982999
39.983013
39.983036
39.983059
39.983073
39.983076
39.983089
39.983073
39.983054
39.983029
39.983029
39.983029
39.983028
39.983027
39.983025
39.983019
39.98301
39.982948
39.982901
39.982849
39.982795
39.982042
39.981971
39.981936
39.980964
39.980999
39.981015
39.980955
39.981076
39.981181
39.981141
39.981144
39.981144
39.981147
39.98115
39.981152
39.981154
39.981157
39.981163
39.981165
39.981166
39.98117
39.981169
39.98117
39.981158
39.981108
39.981104
39.981097
39.981031
39.980972
39.980989
39.981
39.981025
39.981045
39.981063
39.981085
39.981094
39.981075
39.98107
39.981051
39.981056
39.981055
39.981055
39.981057
39.981073
39.981074
39.981077
39.981073
39.98107
39.981093
39.981098
39.981102
39.981127
39.981143
39.981168
39.981189
39.981201
39.981204
39.981206
39.981225
39.981237
39.981233
39.981233
39.981236
39.981234
39.981239
39.981247
39.981252
39.981247
39.981244
39.981247
39.981239
39.981236
39.981227
39.98122
39.981219
39.98121
39.981211
39.981217
39.981207
39.981193
39.981198
39.981187
39.981181
39.981175
39.981169
39.981156
39.981151
39.981136
39.981137
39.981133
39.98112
39.981108
39.981094
39.981083
39.981078
39.981069
39.981057
39.981049
39.981039
39.981033
39.981028
39.981026
39.981024
39.981023
39.981018
39.981016
39.981014
39.981003
39.980995
39.980983
39.980971
39.980963
39.980959
39.980954
39.980954
39.980956
39.980955
39.980961
39.980968
39.980974
39.980985
39.980997
39.981022
39.981024
39.981043
39.981048
39.981051
39.981065
39.98109
39.981109
39.981115
39.981108
39.981109
39.981123
39.981125
39.981144
39.981135
39.981139
39.98115
39.981157
39.981155
39.981141
39.981143
39.981142
39.981145
39.981148
39.981149
39.981153
39.98116
39.981176
39.981182
39.981177
39.981176
39.981179
39.981196
39.981198
39.981217
39.981239
39.981238
39.981234
39.981261
39.981277
39.981305
39.981315
39.981319
39.98132
39.981318
39.981311
39.981316
39.981313
39.981305
39.981327
39.981327
39.981328
39.981329
39.98133
39.981325
39.981322
39.981327
39.98133
39.981331
39.981326
39.981328
39.981323
39.981324
39.981296
39.981286
39.981276
39.981276
39.981274
39.981267
39.98125
39.981231
39.981224
39.981216
39.981213
39.981209
39.981204
39.9812
39.981198
39.981192
39.981188
39.981182
39.981175
39.981154
39.981154
39.981159
39.981155
39.981145
39.981144
39.98114
39.981153
39.981155
39.981163
39.981165
39.981155
39.981149
39.981139
39.981129
39.981128
39.981128
39.981128
39.981121
39.981121
39.981114
39.981104
39.981104
39.981102
39.9811
39.981098
39.981093
39.981091
39.981089
39.981068
39.981052
39.98102
39.980983
39.980953
39.980923
39.980909
39.980895
39.980897
39.980902
39.980902
39.980902
39.980901
39.980901
39.980904
39.98091
39.980914
39.980923
39.980873
39.980877
39.980875
39.980884
39.980889
39.980894
39.980913
39.980913
39.980911
39.980913
39.980895
39.980894
39.980895
39.980892
39.980892
39.98089
39.980882
39.980878
39.980884
39.98089
39.980887
39.98089
39.980893
39.980892
39.980894
39.980891
39.980889
39.980886
39.98093
39.980927
39.980994
39.980953
39.980959
39.980959
39.980961
39.980964
39.980968
39.980966
39.980967
39.980966
39.980968
39.980966
39.980962
39.980963
39.980966
39.980971
39.980972
39.980977
39.980983
39.980995
39.981
39.981019
39.981033
39.981045
39.981053
39.98106
39.981064
39.98106
39.981057
39.981053
39.981049
39.981047
39.981044
39.981043
39.981042
39.981042
39.981041
39.98104
39.98104
39.981039
39.981039
39.981039
39.981039
39.981039
39.981039
39.981039
39.981039
39.981039
39.981039
39.981038
39.981036
39.981035
39.981035
39.981034
39.981032
39.98103
39.981026
39.981025
39.981025
39.981025
39.981025
39.981025
39.981024
39.981023
39.981021
39.981023
39.981026
39.981026
39.982922
39.9829
39.98113
39.981108
39.981024
39.981027
39.981015
39.981034
39.981012
39.980995
39.980973
39.980965
39.980966
39.980938
39.980924
39.980915
39.980908
39.980863
39.980854
39.980857
39.980878
39.980876
39.980894
39.980893
39.980882
39.980881
39.980878
39.980877
39.980878
39.980882
39.980887
39.980892
39.98089
39.980883
39.980878
39.980876
39.980882
39.980873
39.980872
39.98087
39.980865
39.980868
39.980859
39.980869
39.980878
39.980889
39.980901
39.980918
39.980928
39.980937
39.980945
39.980958
39.980968
39.980975
39.980988
39.981005
39.981017
39.981023
39.981026
39.981029
39.981035
39.981044
39.981054
39.981054
39.981059
39.98107
39.98107
39.981078
39.981081
39.981075
39.981072
39.981067
39.981068
39.981064
39.981058
39.98106
39.981062
39.981052
39.981046
39.981051
39.981052
39.981048
39.981048
39.981057
39.981057
39.981054
39.98105
39.981047
39.981046
39.98104
39.981038
39.981029
39.981029
39.98103
39.981038
39.981041
39.981029
39.981024
39.981008
39.981015
39.981025
39.981015
39.980997
39.980996
39.980965
39.980931
39.980941
39.980958
39.980962
39.980965
39.980962
39.980961
39.980958
39.980963
39.980968
39.980952
39.980969
39.980965
39.980948
39.980966
39.980954
39.980952
39.980953
39.98095
39.980951
39.980951
39.980977
39.980975
39.980979
39.980978
39.980974
39.980975
39.981016
39.981021
39.981019
39.981015
39.981014
39.981027
39.981028
39.981019
39.981033
39.981034
39.981052
39.981065
39.981081
39.981083
39.981083
39.981083
39.981084
39.981102
39.981098
39.981107
39.981109
39.981106
39.981116
39.981099
39.981102
39.981118
39.98113
39.981137
39.981141
39.981151
39.981152
39.981165
39.981166
39.981171
39.981174
39.981187
39.981193
39.981199
39.9812
39.981209
39.981213
39.981215
39.981222
39.98124
39.981247
39.981256
39.981263
39.981265
39.981282
39.981291
39.981298
39.981304
39.981312
39.981313
39.981315
39.981317
39.981317
39.981334
39.981344
39.981355
39.981367
39.981378
39.981385
39.981401
39.981417
39.981431
39.981439
39.981445
39.981451
39.981463
39.981463
39.981484
39.981476
39.981475
39.981474
39.981474
39.981477
39.981478
39.981485
39.981487
39.981489
39.981493
39.981496
39.981492
39.981493
39.981496
39.981499
39.981494
39.981483
39.981481
39.981483
39.98149
39.981502
39.9815
39.981488
39.981482
39.981472
39.981466
39.981457
39.981459
39.981452
39.981449
39.981443
39.981437
39.981435
39.981426
39.981418
39.981414
39.981404
39.981429
39.981429
39.981421
39.9814
39.981408
39.98141
39.981406
39.981402
39.981397
39.981387
39.981382
39.981379
39.981375
39.981375
39.981372
39.981369
39.981361
39.981352
39.981351
39.98135
39.981351
39.981352
39.981355
39.981359
39.981359
39.981359
39.981368
39.981372
39.981368
39.981368
39.981368
39.981377
39.981376
39.981379
39.981383
39.981385
39.981391
39.981393
39.981394
39.981396
39.981397
39.981405
39.981406
39.981408
39.981407
39.981413
39.981417
39.981415
39.981407
39.981405
39.981402
39.981386
39.981377
39.981376
39.981368
39.981372
39.981376
39.981383
39.981385
39.981389
39.981375
39.981386
39.981379
39.98138
39.981385
39.981408
39.981409
39.981341
39.981348
39.981349
39.981351
39.981347
39.981346
39.981348
39.981345
39.981336
39.981324
39.981315
39.981302
39.98128
39.981264
39.981264
39.981258
39.98127
39.981268
39.981257
39.981261
39.981261
39.981269
39.981278
39.981267
39.98126
39.981228
39.981222
39.981207
39.981205
39.981203
39.981202
39.981187
39.981173
39.981164
39.981175
39.981173
39.981171
39.981175
39.981166
39.981171
39.98118
39.981193
39.981194
39.981199
39.981189
39.981193
39.981192
39.9812
39.981206
39.981215
39.981225
39.981242
39.981262
39.981315
39.981331
39.981336
39.981342
39.981355
39.981359
39.981365
39.981365
39.981376
39.98139
39.98139
39.981398
39.981414
39.981421
39.981414
39.981424
39.981448
39.981465
39.981468
39.981467
39.981461
39.981461
39.98146
39.981465
39.981473
39.98147
39.981471
39.981475
39.981465
39.981461
39.98145
39.981451
39.98145
39.98145
39.981454
39.981447
39.981439
39.981432
39.981436
39.981442
39.981448
39.981451
39.98145
39.98144
39.98143
39.981435
39.981436
39.981314
39.981305
39.981269
39.981253
39.981225
39.981207
39.981183
39.981155
39.981138
39.981126
39.981108
39.981088
39.98107
39.981045
39.981025
39.980936
39.980911
39.980901
39.980885
39.980869
39.980845
39.980832
39.980823
39.980806
39.98078
39.980771
39.980759
39.980748
39.980746
39.980738
39.980725
39.980711
39.980684
39.980644
39.980649
39.980642
39.980632
39.980626
39.98063
39.980622
39.980626
39.980631
39.980638
39.98064
39.980638
39.980644
39.980656
39.980659
39.980656
39.980655
39.980642
39.980634
39.980628
39.980609
39.980608
39.98059
39.98058
39.98057
39.980557
39.980555
39.980558
39.980546
39.980537
39.980536
39.980536
39.98054
39.980523
39.98049
39.980478
39.980467
39.980457
39.980437
39.980422
39.980411
39.980402
39.98039
39.980374
39.980359
39.98035
39.980337
39.980328
39.980323
39.980317
39.980313
39.9803
39.980291
39.980287
39.980276
39.98027
39.980265
39.980247
39.980234
39.980205
39.980196
39.98018
39.980176
39.980168
39.980162
39.980156
39.980149
39.980143
39.980137
39.980129
39.980121
39.98011
39.980101
39.980081
39.980074
39.980069
39.980056
39.980057
39.980044
39.980034
39.980026
39.980015
39.980006
39.979995
39.979988
39.979982
39.979982
39.979974
39.979973
39.979969
39.979964
39.97996
39.979958
39.979953
39.979966
39.97996
39.979955
39.97994
39.979929
39.979913
39.979903
39.979896
39.979886
39.979874
39.979842
39.979823
39.979809
39.979801
39.979784
39.979766
39.979755
39.979754
39.979759
39.97975
39.979737
39.979722
39.979706
39.979685
39.979672
39.979664
39.979653
39.979651
39.979639
39.979647
39.979641
39.979629
39.979622
39.979604
39.979593
39.979584
39.97958
39.979574
39.979554
39.979544
39.979536
39.97954
39.979526
39.979524
39.979519
39.979509
39.979505
39.9795
39.979496
39.979488
39.979474
39.979467
39.979461
39.979454
39.979441
39.979436
39.979428
39.97942
39.979414
39.979403
39.979397
39.979392
39.979393
39.979376
39.979363
39.979351
39.979331
39.979326
39.979319
39.97929
39.979283
39.979279
39.979274
39.979266
39.979262
39.979256
39.979239
39.979213
39.97921
39.979206
39.979192
39.979181
39.979172
39.979166
39.979158
39.97915
39.979136
39.979121
39.979109
39.979101
39.979092
39.979087
39.979079
39.979069
39.979063
39.979054
39.979038
39.979029
39.979017
39.979004
39.979
39.978994
39.978986
39.978957
39.978951
39.978943
39.978937
39.978932
39.978924
39.978918
39.978916
39.978901
39.978861
39.978858
39.978843
39.978834
39.978817
39.978806
39.978791
39.978779
39.978775
39.978766
39.978762
39.978754
39.978747
39.978742
39.978734
39.978717
39.978713
39.978705
39.978677
39.978671
39.978669
39.978661
39.978659
39.978639
39.978633
39.978617
39.978614
39.97861
39.978604
39.978601
39.978596
39.97859
39.978584
39.978577
39.978565
39.978558
39.978553
39.978547
39.978536
39.978532
39.9785
39.978491
39.978482
39.978472
39.978468
39.97845
39.978437
39.978427
39.978423
39.978413
39.978384
39.978382
39.97837
39.97836
39.978352
39.978346
39.978342
39.978326
39.97832
39.978312
39.978309
39.97831
39.978305
39.978301
39.978303
39.978287
39.97828
39.97827
39.978263
39.978246
39.97823
39.978245
39.978234
39.978218
39.978206
39.9782
39.978195
39.978193
39.978186
39.978181
39.978178
39.978161
39.978155
39.978148
39.978144
39.978138
39.978133
39.978126
39.978112
39.978086
39.978059
39.97804
39.978031
39.97802
39.978009
39.978001
39.977994
39.977988
39.977984
39.977977
39.977969
39.977943
39.977933
39.977923
39.977915
39.977911
39.977906
39.9779
39.977891
39.977883
39.977876
39.977868
39.977858
39.977848
39.977837
39.977829
39.977819
39.977809
39.977801
39.977794
39.977788
39.977783
39.977766
39.977746
39.977737
39.977727
39.977728
39.977725
39.977702
39.977695
39.977675
39.977671
39.977666
39.977655
39.977621
39.977598
39.977578
39.977581
39.977579
39.977575
39.977554
39.977558
39.97756
39.977556
39.977557
39.977559
39.977562
39.977565
39.977553
39.977551
39.97755
39.977551
39.977548
39.977545
39.977543
39.977544
39.977545
39.977549
39.977549
39.97755
39.977551
39.977551
39.97755
39.977548
39.977545
39.977539
39.97754
39.977541
39.977543
39.97754
39.977538
39.977531
39.977525
39.977515