116.31128
116.311256
116.311228
116.311208
116.311181
116.311162
116.311148
116.311118
116.311093
116.311063
116.311031
116.310997
116.310978
116.31095
116.310938
116.310936
116.310931
116.310929
116.310907
116.310887
116.310864
116.310835
116.310821
116.310812
116.310792
116.310758
116.310739
116.310727
116.310715
116.310694
116.3107
116.310702
116.310695
116.310692
116.310695
116.310705
116.310709
116.31072
116.310715
116.310706
116.310688
116.310692
116.310701
116.310698
116.310695
116.310694
116.310689
116.310701
116.310708
116.310707
116.310699
116.310699
116.310698
116.310698
116.310713
116.310723
116.310728
116.31073
116.310737
116.310741
116.310747
116.310757
116.310765
116.31077
116.310774
116.310775
116.310779
116.31078
116.310782
116.310781
116.310781
116.310782
116.310782
116.310782
116.310783
116.310783
116.310782
116.310782
116.310782
116.310779
116.310775
116.310761
116.310754
116.310742
116.310738
116.310729
116.310728
116.310724
116.310715
116.310708
116.310709
116.310712
116.310715
116.310712
116.310712
116.310709
116.310708
116.310706
116.310704
116.310706
116.310708
116.310711
116.31071
116.310716
116.310718
116.310721
116.310721
116.310718
116.310714
116.310713
116.310712
116.310713
116.310715
116.310717
116.31071
116.310714
116.310719
116.310719
116.310721
116.310721
116.310724
116.310725
116.310728
116.31073
116.310738
116.310742
116.310747
116.310746
116.310751
116.31075
116.310741
116.310741
116.310745
116.310744
116.310744
116.310746
116.310745
116.310748
116.310752
116.310758
116.310762
116.310763
116.310773
116.310778
116.31079
116.310794
116.310806
116.310808
116.310815
116.310814
116.310811
116.310802
116.310797
116.310795
116.31079
116.310784
116.310783
116.310791
116.31079
116.310794
116.310806
116.310806
116.310803
116.310807
116.310806
116.310802
116.310792
116.310779
116.310773
116.310768
116.310767
116.310769
116.310765
116.310764
116.310769
116.310766
116.310767
116.310786
116.310792
116.310797
116.310795
116.310793
116.31079
116.310786
116.310791
116.310792
116.310787
116.310803
116.310807
116.310809
116.310813
116.310819
116.310822
116.310854
116.310862
116.310866
116.310868
116.310877
116.310866
116.310949
116.310964
116.310958
116.310963
116.310964
116.310967
116.310964
116.310961
116.310958
116.310955
116.31096
116.310957
116.310953
116.31095
116.310949
116.310941
116.310941
116.310943
116.310944
116.310941
116.310937
116.31095
116.310985
116.310988
116.310985
116.310984
116.310984
116.31098
116.310978
116.310976
116.310964
116.310961
116.310958
116.31095
116.310941
116.310934
116.310933
116.310929
116.310928
116.310929
116.310924
116.310922
116.31092
116.31092
116.310922
116.310931
116.31093
116.310928
116.310924
116.310922
116.310915
116.310916
116.310913
116.310909
116.310909
116.310912
116.310903
116.310898
116.310892
116.310886
116.310881
116.310868
116.31086
116.310847
116.310842
116.31082
116.310828
116.310827
116.310815
116.31081
116.310808
116.310805
116.310796
116.310797
116.310788
116.310783
116.310779
116.310771
116.310759
116.310743
116.310741
116.310729
116.310708
116.3107
116.310695
116.310702
116.310685
116.310675
116.310674
116.310674
116.310661
116.31061
116.310568
116.310573
116.310558
116.310554
116.310545
116.310541
116.310531
116.310521
116.310523
116.310516
116.310515
116.310516
116.310502
116.310492
116.310487
116.310483
116.310485
116.310486
116.31048
116.310477
116.310472
116.310475
116.31048
116.310498
116.310514
116.310521
116.310517
116.310517
116.310518
116.31052
116.310517
116.310522
116.310507
116.310509
116.310527
116.310528
116.310527
116.310523
116.310509
116.310513
116.310513
116.310519
116.310518
116.310522
116.310508
116.310507
116.310502
116.310507
116.310507
116.310506
116.310504
116.31049
116.310486
116.31048
116.310473
116.310471
116.310462
116.310452
116.310443
116.310436
116.310434
116.310431
116.310431
116.310423
116.310422
116.310421
116.310436
116.310436
116.310431
116.310427
116.31042
116.310406
116.310391
116.310376
116.310362
116.310347
116.31034
116.310328
116.310328
116.31033
116.310331
116.310332
116.310334
116.310338
116.310343
116.310347
116.310347
116.310346
116.310346
116.310346
116.310344
116.310341
116.310342
116.310341
116.310341
116.310341
116.31034
116.310335
116.310331
116.310327
116.310324
116.31032
116.310316
116.310315
116.310314
116.310312
116.310311
116.310311
116.310315
116.31032
116.310323
116.310327
116.31033
116.310331
116.310331
116.310324
116.310315
116.310312
116.310315
116.310307
116.310302
116.310292
116.310288
116.310282
116.310279
116.310272
116.310273
116.310276
116.310282
116.310279
116.310289
116.3103
116.310307
116.310315
116.310316
116.310323
116.310328
116.310321
116.310327
116.310336
116.310335
116.310347
116.310343
116.310334
116.310338
116.310344
116.310352
116.310356
116.310358
116.310362
116.310368
116.310373
116.31038
116.310387
116.310391
116.310397
116.310393
116.310398
116.3104
116.3104
116.310399
116.310405
116.310407
116.310408
116.310407
116.310407
116.310404
116.310401
116.310397
116.310394
116.310392
116.310387
116.310385
116.310373
116.310347
116.310343
116.310354
116.31036
116.310364
116.310385
116.310384
116.310382
116.310359
116.310371
116.310376
116.310372
116.310355
116.310349
116.310347
116.310347
116.310314
116.310298
116.310332
116.310328
116.310345
116.310303
116.310253
116.310253
116.310257
116.310251
116.310247
116.31025
116.310247
116.310241
116.310248
116.310256
116.310274
116.310289
116.310307
116.310308
116.310311
116.31032
116.310329
116.310331
116.310341
116.310335
116.31034
116.310343
116.310339
116.310345
116.31035
116.310352
116.310358
116.310367
116.310362
116.310353
116.310353
116.310356
116.310352
116.310355
116.310368
116.310369
116.310374
116.310376
116.310384
116.310401
116.310408
116.310407
116.310414
116.310414
116.310417
116.310423
116.310433
116.310436
116.310442
116.310447
116.310439
116.310438
116.310438
116.310438
116.31044
116.310444
116.310445
116.310448
116.31045
116.310451
116.310452
116.310451
116.310452
116.310453
116.310451
116.31045
116.310449
116.310416
116.310392
116.310358
116.310336
116.310311
116.310298
116.3103
116.310292
116.310275
116.310246
116.310203
116.31016
116.310099
116.310034
116.309968
116.309904
116.309837
116.309768
116.309696
116.309734
116.309818
116.313816
116.311342
116.31134
116.311339
116.310875
116.310843
116.310832
116.310856
116.310787
116.310755
116.310743
116.310739
116.310745
116.310762
116.31074
116.310721
116.310741
116.310742
116.310753
116.31079
116.310825
116.310829
116.310837
116.310838
116.310826
116.310834
116.310836
116.31081
116.310785
116.310791
116.310807
116.310824
116.310838
116.310839
116.310847
116.310843
116.31085
116.310853
116.31086
116.310865
116.310875
116.310881
116.310889
116.310893
116.310921
116.310933
116.310941
116.310946
116.310957
116.310972
116.310987
116.311002
116.311022
116.311034
116.31105
116.31106
116.311069
116.311074
116.311077
116.311082
116.311082
116.311088
116.311086
116.311081
116.311088
116.311096
116.311103
116.311108
116.311109
116.311113
116.31111
116.311113
116.31113
116.311118
116.311106
116.311088
116.311068
116.311057
116.311048
116.31104
116.311043
116.311032
116.311011
116.310994
116.31098
116.310952
116.310938
116.310935
116.310934
116.310936
116.310936
116.310921
116.310912
116.310913
116.310911
116.310917
116.310914
116.310907
116.31089
116.310883
116.310885
116.310877
116.310867
116.310856
116.310838
116.310799
116.310786
116.310781
116.310791
116.310765
116.310742
116.310726
116.310715
116.310696
116.310698
116.310682
116.31067
116.310673
116.310675
116.310664
116.310651
116.310626
116.31062
116.31058
116.310572
116.310565
116.310573
116.31057
116.310566
116.310564
116.310567
116.310553
116.310562
116.310527
116.310524
116.310525
116.310526
116.310512
116.310492
116.310495
116.310487
116.310495
116.310505
116.310506
116.310512
116.310515
116.310519
116.31052
116.310529
116.310521
116.310526
116.310535
116.310537
116.310541
116.310539
116.310548
116.310558
116.310565
116.310569
116.310574
116.310577
116.310578
116.310584
116.310583
116.310591
116.310602
116.310603
116.3106
116.310602
116.310605
116.310603
116.310597
116.3106
116.3106
116.310598
116.310604
116.310601
116.310608
116.310612
116.310618
116.310622
116.31063
116.310633
116.310634
116.310634
116.310633
116.310632
116.310629
116.310628
116.310629
116.310625
116.310632
116.310636
116.310636
116.310644
116.310643
116.310637
116.310627
116.310635
116.310631
116.310635
116.310635
116.31063
116.310631
116.310626
116.310626
116.31063
116.310629
116.310632
116.310631
116.310626
116.310624
116.310623
116.310613
116.310608
116.310595
116.310593
116.310587
116.310583
116.310579
116.310569
116.310561
116.310552
116.31054
116.310533
116.31052
116.310494
116.310489
116.310462
116.31045
116.310438
116.310432
116.310412
116.310394
116.310368
116.310299
116.310217
116.310171
116.310108
116.310065
116.31002
116.309992
116.309977
116.309974
116.309963
116.309947
116.309942
116.309961
116.309972
116.30997
116.309976
116.309981
116.309978
116.309974
116.309975
116.309982
116.309993
116.309995
116.309995
116.309997
116.30999
116.309984
116.309977
116.309962
116.309952
116.309941
116.309937
116.309936
116.309931
116.309927
116.309925
116.30993
116.309926
116.309922
116.309913
116.309907
116.3099
116.309891
116.309896
116.30989
116.309881
116.309851
116.309837
116.309797
116.309722
116.309712
116.309708
116.309699
116.309689
116.309679
116.309664
116.309652
116.309646
116.309631
116.309631
116.309625
116.309619
116.309563
116.30955
116.309536
116.309533
116.309528
116.309518
116.309516
116.309504
116.309472
116.309438
116.309439
116.309448
116.309452
116.309454
116.309445
116.309437
116.309429
116.309428
116.309423
116.309411
116.309412
116.309417
116.30941
116.309404
116.309411
116.309404
116.309387
116.309382
116.309377
116.309361
116.309355
116.30935
116.309332
116.309316
116.309303
116.309305
116.3093
116.309282
116.309267
116.309253
116.309235
116.30922
116.309209
116.309195
116.309183
116.309159
116.309147
116.309143
116.309143
116.309139
116.309139
116.309134
116.309135
116.309124
116.309116
116.309111
116.309098
116.30909
116.30908
116.309073
116.309062
116.309044
116.309029
116.309015
116.309009
116.309009
116.309001
116.30899
116.308976
116.308962
116.308947
116.308931
116.30892
116.308903
116.308876
116.308873
116.308875
116.308872
116.308866
116.308855
116.30885
116.308824
116.308796
116.308776
116.308751
116.308734
116.308691
116.308682
116.308676
116.308667
116.308647
116.308635
116.308617
116.308598
116.30859
116.308569
116.308563
116.308566
116.308546
116.308543
116.308545
116.308542
116.30854
116.308525
116.308526
116.308518
116.308517
116.30851
116.308496
116.308493
116.308482
116.308472
116.30847
116.30845
116.308437
116.308419
116.308409
116.308398
116.308388
116.308379
116.308367
116.308352
116.308347
116.308357
116.308359
116.30835
116.308347
116.308337
116.308332
116.308324
116.308331
116.308323
116.308321
116.308327
116.308328
116.308328
116.308331
116.308327
116.308323
116.308317
116.308327
116.308313
116.308303
116.308295
116.308279
116.308274
116.308256
116.308244
116.308229
116.308225
116.308218
116.308212
116.308201
116.30819
116.308186
116.308175
116.308164
116.308151
116.308137
116.308076
116.308048
116.308014
116.307958
116.307938
116.307926
116.307912
116.307888
116.307877
116.307864
116.307856
116.307838
116.307824
116.307811
116.307795
116.307784
116.307779
116.307768
116.307761
116.307738
116.307732
116.307727
116.307721
116.307681
116.307672
116.307657
116.307665
116.307663
116.307665
116.3077
116.307714
116.307708
116.307713
116.3077
116.307692
116.307682
116.307667
116.307656
116.307642
116.307635
116.307629
116.307614
116.307598
116.307585
116.307569
116.30755
116.307536
116.307524
116.307509
116.307495
116.307483
116.307472
116.307465
116.307455
116.307448
116.307413
116.307396
116.307368
116.307365
116.307353
116.307339
116.307333
116.307329
116.307322
116.307319
116.307336
116.307327
116.307321
116.307317
116.307295
116.30729
116.307288
116.30728
116.307278
116.307256
116.307247
116.307249
116.307247
116.307214
116.307193
116.307205
116.30721
116.307238
116.307254
116.307261
116.307263
116.30727
116.307266
116.307265
116.307256
116.307243
116.307233
116.307223
116.307207
116.3072
116.307193
116.307186
116.307182
116.30718
116.307175
116.307168
116.307159
116.307151
116.30715
116.307136
116.307119
116.307123
116.307116
116.307104
116.307117
116.307133
116.307147
116.307146
116.307153
116.307172
116.307183
116.307202
116.307218
116.307228
116.307242
116.307249
116.307245
116.307255
116.307262
116.307266
116.307279
116.307283
116.307288
116.307291
116.307308
116.307308
116.307309
116.307321
116.30733
116.307324
116.30733
116.307337
116.307343
116.307363
116.30736
116.30736
116.307368
116.307362
116.307362
116.307362
116.307363
116.307363
116.307366
116.307376
116.30739
116.307396
116.3074
116.307407
116.307419
116.307433
116.307448
116.30745
116.307459
116.307455
116.307448
116.307453
116.307445
116.307447
116.30745
116.307428
116.307415
116.307425
116.307433
116.307436
116.307475
116.307482
116.307499
116.307505
116.30751
116.307531
116.307543
116.307552
116.30756
116.307566
116.307567
116.30757
116.307567
116.307562
116.307563
116.307564
116.307576
116.307575
116.307636
116.30769
116.307723
116.307748
116.307778
116.307794
116.307812
116.30783
116.30784
116.307851
116.307862
116.307879
116.307902
116.307921
116.307936
116.307944
116.307959
116.307968
116.307976
116.307988
116.307995
116.308004
116.30802
116.308028
116.30804
116.308048
116.308058
116.308083
116.308084
116.308088
116.308091
116.308097
116.3081
116.308109
116.308112
116.308121
116.308125
116.308126
116.308135
116.308137
116.308147
116.30816
116.308163
116.308167
116.308167
116.308175
116.308178
116.308186
116.3082
116.308205
116.308207
116.308211
116.308212
116.308225
116.308232
116.308252
116.308268
116.308273
116.308295
116.3083
116.308313
116.308317
116.30833
116.308347
116.308355
116.308365
116.308374
116.308374
116.308379
116.308389
116.308423
116.308437
116.308436
116.308438
116.308432
116.308441
116.30844
116.308438
116.308442
116.308445
116.308458
116.308457
116.308456
116.308464
116.308468
116.308469
116.308475
116.308481
116.308484
116.308487
116.308495
116.308516
116.308519
116.308537
116.308552
116.308562
116.308561
116.308561
116.308559
116.308567
116.308582
116.308603
116.308618
116.308627
116.308627
116.308636
116.308641
116.308641
116.308642
116.308646
116.30865
116.308651
116.308657
116.308654
116.308659
116.308686
116.308695
116.308698
116.308723
116.30873
116.308734
116.308734
116.308765
116.308796
116.308823
116.308851
116.308869
116.308909
116.30894
116.308943
116.308957
116.308972
116.308984
116.308992
116.309002
116.30902
116.309037
116.309047
116.309063
116.309073
116.309083
116.309095
116.309107
116.309122
116.309141
116.309158
116.309169
116.309168
116.309171
116.309178
116.309179
116.309187
116.309191
116.309188
116.309182
116.309188
116.309188
116.309203
116.309208
116.309212
116.309228
116.309235
116.30924
116.309251
116.309256
116.30926
116.309265
116.309264
116.309272
116.309279
116.309285
116.309289
116.309293
116.309304
116.30932
116.309331
116.309347
116.309347
116.309349
116.309358
116.309364
116.30937
116.309374
116.309373
116.309377
116.309371
116.309366
116.309362
116.309359
116.309355
116.309349
116.309349
116.309346
116.309345
116.309348
116.309353
116.309349
116.309351
116.309347
116.309336
116.309335
116.309331
116.309319
116.309308
116.309302
116.309301
116.309301
116.309306
116.309305
116.309305
116.309305
116.309305
116.309305
116.309305
116.309305
116.309306
116.309305
116.309305
116.309305
116.309305
116.309305
116.309305
116.309305
116.309304
116.309304
116.309304
116.309304
116.309304
116.309304
116.309304
116.309304
116.309304
116.309304
116.309304
116.309304
116.309304
116.309304
116.309304
116.309304
116.309304
116.309304
116.309304
116.309304
116.309304
116.309304
116.309304
116.309304
116.309304
116.309304
116.309304
116.309304
116.309304
116.309304
116.309304
116.309304
116.309304
116.309304
116.309304
116.309304
116.309304
116.309304
116.309304
116.309304
116.309304
116.309304
116.309305
116.309305
116.309305
116.309305
116.309305
116.309305
116.309304
116.309304
116.309303
116.309303
116.309302
116.309303
116.309304
116.309304
116.309303
116.309301
116.3093
116.309299
116.309297
116.309295
116.309294
116.309293
116.309293
116.309296
116.3093
116.309303
116.309306
116.309306
116.309307
116.309307
116.309306
116.309302
116.309299
116.309296
116.309291
116.309284
116.30928
116.309278
116.309278
116.309279
116.309282
116.309282
116.309283
116.309286
116.309283
116.309283
116.309281
116.309289
116.309296
116.309299
116.309299
116.309308
116.309315
116.30932
116.309327
116.30933
116.309335
116.309349
116.309361
116.309372
116.309369
116.309363
116.309357
116.30936
116.309356
116.309353
116.309349
116.309344
116.30934
116.309341
116.309345
116.309351
116.309357
116.309371
116.309376
116.309381
116.309383
116.309381
116.309376
116.309373
116.309371
116.309368
116.309358
116.309346
116.309334
116.30932
116.309311
116.309305
116.3093
116.309301
116.309294
116.309286
116.309283
116.30928
116.309277
116.309267
116.309262
116.309257
116.309255
116.30926
116.309235
116.309235
116.309237
116.309232
116.309227
116.309222
116.309214
116.309205
116.309203
116.309198
116.309192
116.309178
116.309165
116.309157
116.309143
116.309135
116.309125
116.309113
116.309105
116.309099
116.309091
116.309084
116.309073
116.309065
116.309061
116.309052
116.309049
116.309039
116.309032
116.309027
116.309016
116.30901
116.309001
116.308993
116.308984
116.308972
116.308969
116.308962
116.308955
116.308945
116.308937
116.308929
116.308918
116.30891
116.308898
116.308883
116.30887
116.308857
116.308845
116.308842
116.308835
116.30883
116.30883
116.308826
116.308815
116.308819
116.308817
116.308811
116.308809
116.308807
116.308807
116.308811
116.308806
116.308802
116.308795
116.308786
116.308776
116.30876
116.30875
116.308735
116.308719
116.308705
116.308699
116.308694
116.308684
116.308668
116.308657
116.308653
116.308645
116.308638
116.308631
116.308624
116.308614
116.308608
116.3086
116.308592
116.308575
116.308568
116.30855
116.308543
116.308536
116.308526
116.30852
116.308515
116.308507
116.308497
116.30849
116.308482
116.308472
116.30846
116.308452
116.308445
116.308434
116.308418
116.3084
116.308383
116.308374
116.308363
116.308356
116.308345
116.308335
116.308326
116.30832
116.308313
116.308309
116.3083
116.308291
116.308281
116.308273
116.308266
116.308259
116.308253
116.308239
116.308234
116.308228
116.308221
116.308213
116.308208
116.308202
116.308196
116.308185
116.308182
116.308176
116.30817
116.308172
116.308166
116.308168
116.30816
116.308154
116.308149
116.308146
116.30814
116.30813
116.308124
116.30812
116.308121
116.308119
116.308117
116.308119
116.308111
116.3081
116.30809
116.308082
116.308075
116.308065
116.308054
116.308043
116.308034
116.30803
116.308024
116.308027
116.308024
116.308017
116.308013
116.308017
116.308006
116.307993
116.307981
116.307971
116.307966
116.307961
116.307944
116.307936
116.307922
116.307909
116.307894
116.307883
116.307883
116.307876
116.307865
116.307862
116.307851
116.307841
116.307831
116.307819
116.307806
116.307799
116.307787
116.307778
116.307768
116.307766
116.307755
116.307745
116.30773
116.307716
116.307711
116.307699
116.307694
116.307684
116.307672
116.307666
116.307658
116.307659
116.307656
116.307643
116.307625
116.307615
116.307606
116.307597
116.307582
116.30757
116.30756
116.307546
116.307532
116.30752
116.307509
116.307504
116.307502
116.307498
116.307493
116.307487
116.307476
116.307476
116.307479
116.30748
116.30748
116.307477
116.307476
116.307473
116.307479
116.307474
116.30747
116.30747
116.307473
116.307469
116.307472
116.307474
116.30747
116.307468
116.307465
116.307464
116.307462
116.307455
116.307467
116.307467
116.307467
116.307468
116.307468
116.307477
116.307495
116.307518
116.307532
116.307522
116.307495
116.307482
116.307483
116.307483
116.307481
116.307481
116.307481
116.307481
116.307482
116.307482
116.307497
116.307497
116.307498
116.30748
116.307466
116.307455
116.307455
116.307448
116.307449
116.307449
116.307449
116.307452
116.307455
116.307447
116.307438
116.307433
116.307421
116.307409
116.307403
116.307398
116.307395
116.307382
116.307377
116.307364
116.307352
116.30734
116.307326
116.307318
116.307303
116.30729
116.307286
116.30728
116.307273
116.307278
116.307275
116.307271
116.307269
116.30726
116.307261
116.307253
116.307232
116.307218
116.307203
116.307195
116.307183
116.307176
116.307168
116.307167
116.307166
116.307162
116.307152
116.30715
116.307139
116.307128
116.307118
116.307111
116.307104
116.307101
116.307097
116.307088
116.307077
116.307074
116.307067
116.30706
116.307064
116.30706
116.307058
116.307056
116.30705
116.307043
116.307039
116.307028
116.30701
116.306999
116.306987
116.306973
116.306962
116.306953
116.30696
116.306963
116.306946
116.306932
116.306918
116.306902
116.306886
116.306869
116.306857
116.306845
116.306829
116.306838
116.306835
116.306839
116.306837
116.306832
116.306824
116.306823
116.306823
116.30682
116.306819
116.30682
116.306821
116.306826
116.306834
116.30684
116.306845
116.306845
116.306845
116.306844
116.306845
116.306847
116.306853
116.306861
116.306879
116.306897
116.306886
116.306898
116.306898
116.306921
116.30694
116.306941
116.306949
116.306967
116.306975
116.306988
116.307007
116.307027
116.307041
116.307059
116.30707
116.307077
116.307079
116.307083
116.307089
116.307088
116.30709
116.307079
116.307072
116.307075
116.307073
116.307085
116.307113
116.307126
116.307156
116.30717
116.307179
116.307194
116.307191
116.307201
116.307212
116.307228
116.307217
116.307218
116.307211
116.307208
116.307208
116.307201
116.307185
116.307181
116.307173
116.307164
116.307162
116.307152
116.307143
116.307133
116.307121
116.307102
116.307094
116.307095
116.307089
116.307079
116.307065
116.307071
116.307064
116.307067
116.307073
116.307062
116.307062
116.30706
116.307046
116.307042
116.30703
116.307036
116.307033
116.307029
116.307017
116.306991
116.306969
116.306951
116.306941
116.306924
116.306905
116.306886
116.306864
116.306858
116.306836
116.306815
116.306799
116.306771
116.306753
116.3067
116.306665
116.306657
116.306661
116.306654
116.30664
116.306629
116.306627
116.306622
116.306617
116.306579
116.306557
116.306557
116.306544
116.306552
116.306544
116.306536
116.306529
116.306509
116.306521
116.306507
116.306505
116.306507
116.306493
116.306458
116.306456
116.306449
116.306452
116.30647
116.306488
116.306498
116.306503
116.306502
116.306493
116.306504
116.306508
116.306512
116.306502
116.306507
116.306537
116.306549
116.306533
116.306535
116.306536
116.306523
116.306532
116.306538
116.306534
116.306532
116.306536
116.306556
116.306555
116.306557
116.306565
116.30659
116.306596
116.306593
116.306585
116.306584
116.306572
116.306559
116.306558
116.306554
116.306555
116.306557
116.306558
116.306548
116.306553
116.306574
116.306602
116.306582
116.306593
116.306597
116.306617
116.306638
116.306654
116.306651
116.306655
116.306664
116.306646
116.306656
116.30667
116.306698
116.306706
116.306698
116.30669
116.306699
116.306709
116.306713
116.306739
116.306751
116.306736
116.306743
116.306745
116.306755
116.30676
116.306771
116.306783
116.306784
116.306791
116.306793
116.30679
116.306802
116.306801
116.306807
116.306826
116.306846
116.306864
116.306879
116.30689
116.306887
116.30689
116.306894
116.306899
116.306901
116.306901
116.306904
116.30691
116.306917
116.306928
116.306947
116.306963
116.306972
116.306981
116.306988
116.307003
116.307011
116.307016
116.307024
116.307053
116.307069
116.307077
116.307092
116.307105
116.307121
116.307137
116.307151
116.307166
116.307182
116.307199
116.307208
116.307208
116.307214
116.30722
116.307233
116.307244
116.307261
116.307267
116.307276
116.307291
116.307311
116.307327
116.307335
116.307343
116.307352
116.307372
116.30738
116.307396
116.307404
116.307418
116.307428
116.307438
116.30745
116.307464
116.307472
116.307483
116.307489
116.307495
116.307509
116.307505
116.307506
116.307499
116.307488
116.307483
116.307492
116.307497
116.30752
116.307513
116.30752
116.307532
116.30752
116.307519
116.30751
116.307504
116.307489
116.307494
116.307491
116.307512
116.307508
116.307514
116.307525
116.307536
116.307572
116.307579
116.307584
116.30759
116.307593
116.307611
116.307613
116.307613
116.30761
116.307604
116.307619
116.307641
116.307643
116.307657
116.307659
116.307662
116.307663
116.307675
116.30767
116.307655
116.307657
116.307663
116.307668
116.307686
116.307707
116.307729
116.307752
116.307761
116.307771
116.307778
116.307811
116.307853
116.307897
116.307951
116.308008
116.308061
116.308122
116.308188
116.308221
116.308252
116.308299
116.308331
116.308363
116.308426
116.308499
116.308566
116.308635
116.3087
116.308764
116.308825
116.308878
116.308931
116.308986
116.309036
116.309085
116.309134
116.309179
116.309223
116.309267
116.309309
116.309345
116.309374
116.30939
116.309404
116.309408
116.309411
116.309418
116.309421
116.309412
116.309393
116.309337
116.309314
116.309293
116.309273
116.309257
116.309243
116.309232
116.309228
116.309226
116.30922
116.309221
116.309223
116.309219
116.309211
116.30921
116.309203
116.309198
116.309191
116.309189
116.309187
116.309187
116.309187
116.309188
116.309187
116.309184
116.309166
116.309155
116.309141
116.309126
116.308668
116.308636
116.30862
116.308395
116.308388
116.308383
116.308308
116.308348
116.308372
116.308356
116.308361
116.30836
116.308356
116.308354
116.30835
116.308347
116.308343
116.308335
116.308331
116.308327
116.308321
116.308322
116.308319
116.308312
116.308217
116.308212
116.308212
116.308295
116.308305
116.308267
116.308221
116.308181
116.308126
116.308096
116.308068
116.308033
116.308019
116.30797
116.307951
116.30796
116.307955
116.307949
116.307928
116.307909
116.307912
116.307932
116.307935
116.307951
116.307947
116.307946
116.307952
116.307951
116.307958
116.307965
116.307963
116.307972
116.307983
116.307995
116.307992
116.307987
116.307988
116.307987
116.307986
116.307981
116.307966
116.307953
116.307945
116.307936
116.307932
116.307925
116.307922
116.307912
116.307899
116.307889
116.307877
116.307868
116.307861
116.307853
116.307849
116.307844
116.307832
116.307831
116.307819
116.307812
116.307796
116.307792
116.307788
116.307776
116.30776
116.307754
116.307743
116.307721
116.307706
116.307703
116.307706
116.307708
116.307705
116.307701
116.307698
116.307697
116.307682
116.307676
116.307667
116.307665
116.307657
116.307659
116.307657
116.307653
116.30765
116.307638
116.307633
116.307628
116.307615
116.307603
116.307593
116.307578
116.307564
116.307551
116.307537
116.307524
116.307515
116.307502
116.307477
116.307467
116.307457
116.307439
116.307424
116.307396
116.307381
116.307369
116.307357
116.307346
116.307331
116.307326
116.307311
116.307302
116.307288
116.307265
116.307249
116.307238
116.307228
116.307202
116.307189
116.307175
116.307165
116.307151
116.307135
116.307126
116.307117
116.307104
116.307085
116.307067
116.30705
116.307036
116.307026
116.307011
116.306993
116.307007
116.307031
116.307036
116.307058
116.307072
116.307081
116.307089
116.307086
116.307079
116.307072
116.307065
116.307063
116.307063
116.307042
116.307044
116.307033
116.307026
116.307022
116.307012
116.307003
116.306969
116.306948
116.306931
116.306918
116.306899
116.306873
116.30686
116.306837
116.306799
116.306776
116.306759
116.306747
116.30675
116.306735
116.306721
116.306717
116.306714
116.306713
116.306708
116.306712
116.306709
116.306705
116.306704
116.306698
116.306698
116.306693
116.306692
116.306678
116.306676
116.306666
116.306653
116.306629
116.30661
116.306584
116.306582
116.30657
116.306561
116.306548
116.30652
116.306506
116.306489
116.306489
116.306489
116.306488
116.306485
116.306485
116.30648
116.30647
116.30647
116.306468
116.30647
116.306472
116.306474
116.306479
116.306482
116.306484
116.306487
116.30649
116.306481
116.306466
116.306454
116.306443
116.306443
116.306445
116.306469
116.306461
116.306459
116.306459
116.306462
116.306462
116.306456
116.306446
116.306433
116.306422
116.306391
116.306388
116.306376
116.306361
116.306351
116.306343
116.306352
116.306356
116.306359
116.306358
116.306349
116.306355
116.306356
116.306356
116.306354
116.306355
116.30635
116.306342
116.306354
116.306362
116.306364
116.306374
116.306383
116.306412
116.306467
116.30647
116.30647
116.306471
116.306416
116.306444
116.306529
116.30653
116.306532
116.306533
116.306533
116.306529
116.306521
116.306522
116.30652
116.306518
116.306513
116.306518
116.306525
116.306522
116.306513
116.306502
116.3065
116.306486
116.306473
116.30647
116.306463
116.306476
116.30648
116.306486
116.306475
116.306466
116.306476
116.306481
116.306487
116.306492
116.306493
116.306493
116.306496
116.306495
116.306494
116.306493
116.306493
116.306492
116.306492
116.306492
116.306492
116.306491
116.30649
116.30649
116.306491
116.306492
116.306494
116.306496
116.306497
116.306497
116.306495
116.306495
116.306495
116.306494
116.306493
116.306493
116.306493
116.306493
116.306494
116.306495
116.306494
116.306493
116.306493
116.306492
116.306496
116.306495
116.306491
116.306489
116.304693
116.30473
116.306625
116.306567
116.30659
116.306577
116.30659
116.306607
116.306626
116.306544
116.306562
116.306584
116.306573
116.306497
116.306469
116.306486
116.306476
116.306484
116.306476
116.306484
116.306535
116.306551
116.306578
116.306584
116.306566
116.306563
116.306557
116.30656
116.306556
116.306557
116.306567
116.306571
116.30658
116.306586
116.306588
116.306589
116.306595
116.306608
116.30661
116.3066
116.306603
116.306606
116.306613
116.306619
116.306626
116.306626
116.306625
116.306629
116.306629
116.306627
116.306627
116.306618
116.306611
116.306598
116.306598
116.306607
116.306616
116.306606
116.306612
116.306608
116.306618
116.306639
116.306639
116.306649
116.306655
116.306675
116.306698
116.306711
116.306717
116.306726
116.306724
116.306716
116.306716
116.306719
116.306727
116.306726
116.306731
116.306727
116.306718
116.306727
116.306737
116.306746
116.306753
116.306753
116.306772
116.306776
116.306774
116.306774
116.306771
116.306786
116.306795
116.306804
116.306809
116.306817
116.306829
116.306835
116.306832
116.306835
116.306828
116.306845
116.306865
116.306887
116.306912
116.306921
116.30697
116.306989
116.306991
116.306988
116.306994
116.307006
116.307014
116.307006
116.307023
116.307034
116.307046
116.307045
116.307046
116.307059
116.307042
116.307055
116.307068
116.307083
116.307097
116.307105
116.307115
116.307119
116.307168
116.307193
116.307205
116.307226
116.307234
116.307244
116.307283
116.3073
116.307308
116.307325
116.307332
116.307368
116.307378
116.307374
116.307394
116.307413
116.307432
116.307439
116.307447
116.307455
116.30747
116.307475
116.307482
116.307464
116.307479
116.307508
116.307519
116.307525
116.307537
116.307567
116.307567
116.307583
116.307601
116.307606
116.30761
116.307646
116.307653
116.307645
116.307658
116.307658
116.307673
116.307669
116.307675
116.307682
116.30768
116.307678
116.307687
116.307689
116.307684
116.30769
116.307693
116.307706
116.307714
116.307698
116.307704
116.307705
116.307697
116.307685
116.307684
116.30767
116.307667
116.307668
116.307675
116.307682
116.307688
116.307692
116.307693
116.307696
116.3077
116.307706
116.307713
116.307715
116.307719
116.307727
116.307734
116.307728
116.307714
116.307715
116.30771
116.307709
116.307723
116.307736
116.307746
116.307754
116.307759
116.307772
116.307786
116.307796
116.307811
116.307818
116.307832
116.307851
116.307854
116.307855
116.307848
116.307849
116.307848
116.307863
116.307888
116.3079
116.307894
116.307904
116.307905
116.307905
116.30791
116.307907
116.307916
116.307928
116.307941
116.30794
116.307931
116.307917
116.307919
116.30791
116.307895
116.307859
116.307866
116.307862
116.307878
116.307856
116.307851
116.307858
116.307854
116.307846
116.30785
116.307852
116.307854
116.30786
116.307867
116.307874
116.307875
116.30788
116.307886
116.307897
116.30791
116.307915
116.307926
116.307938
116.307946
116.307967
116.307986
116.307978
116.307981
116.307988
116.307994
116.308
116.308009
116.30801
116.308022
116.308025
116.308025
116.308029
116.308028
116.30803
116.308032
116.308034
116.308039
116.308046
116.308052
116.308056
116.308062
116.308067
116.308066
116.308074
116.308085
116.308088
116.308102
116.308114
116.308115
116.308123
116.308128
116.308133
116.308178
116.308186
116.308191
116.308204
116.308221
116.308233
116.308246
116.308252
116.308276
116.308277
116.30836
116.308358
116.308367
116.308381
116.308393
116.308408
116.308423
116.308423
116.308441
116.308449
116.308459
116.308466
116.308498
116.308503
116.308528
116.308551
116.308616
116.308642
116.308668
116.308679
116.308693
116.30871
116.308725
116.308741
116.308755
116.30881
116.308856
116.308892
116.308903
116.308914
116.308923
116.308945
116.30896
116.308978
116.308983
116.308997
116.309008
116.309011
116.309022
116.309045
116.309054
116.309074
116.309085
116.309093
116.309089
116.309093
116.309112
116.309111
116.309097
116.309103
116.309093
116.309105
116.309112
116.30917
116.309184
116.309211
116.309224
116.309224
116.309233
116.309238
116.309244
116.309261
116.309287
116.309305
116.309317
116.30933
116.309341
116.309364
116.309378
116.309422
116.309465
116.309474
116.309491
116.309506
116.309513
116.309515
116.309531
116.309558
116.309578
116.309587
116.309607
116.309621
116.309633
116.309654
116.309681
116.309697
116.309707
116.309731
116.309748
116.309758
116.309772
116.309792
116.309802
116.309813
116.309822
116.309828
116.309828
116.30983
116.309841
116.309842
116.309832
116.30984
116.309826
116.309828
116.30984
116.309848
116.309844
116.309839
116.30984
116.309851
116.30986
116.309871
116.309884
116.309895
116.309905
116.309924
116.309945
116.309949
116.30997
116.309974
116.309997
116.310008
116.310014
116.310039
116.310036
116.310051
116.310067
116.310089
116.310112
116.310122
116.31013
116.31016
116.310173
116.310182
116.310193
116.310203
116.310213
116.310216
116.310176
116.310181
116.310195
116.310188
116.310198
116.3102
116.310205
116.310223
116.310206
116.310206
116.310219
116.310221
116.310227
116.310232
116.310236
116.31024
116.310234
116.310233
116.310231
116.310235
116.310239
116.310242
116.310237
116.310244
116.31023
116.310224
116.310226
116.31024
116.310238
116.310234
116.310231
116.31023
116.310231
116.310263
116.310269
116.310272
116.310271
116.310277
116.310274
116.310284
116.31028
116.310298
116.310296
116.310295
116.310298
116.310297
116.310303
116.310304
116.310303
116.310298
116.310301
116.310304
116.3103
116.310285
116.310287
116.310286
116.310289
116.310322
116.310315
116.31032
116.310323
116.310328
116.310332
116.310333
116.310334
116.310333
116.310339
116.310338
116.310334
116.310339
116.310344
116.310343
116.310345
116.310344
116.310347
116.310349
116.310345
116.310344
116.310335
116.310333
116.310326
116.310325
116.310328
116.310327
116.310329
116.310329
116.31033
116.310288
116.310268
116.310249
116.310243
116.310238
116.310239
116.310234
116.310266
116.310271
116.310275
116.310277
116.310276
116.31029
116.310264
116.31025
116.31025
116.310259
116.310226
116.310227
116.31022
116.310212
116.310213
116.310225
116.310222
116.310227
116.310233
116.310236
116.310253
116.31025
116.31025
116.310258
116.310252
116.310253
116.310258
116.310261
116.310269
116.310275
116.310283
116.310267
116.310263
116.310269
116.310271
116.310285
116.310302
116.31031
116.310351
116.31035
116.310352
116.310341
116.310334
116.310333
116.310331
116.310347
116.310351
116.31035
116.310347
116.310348
116.310352
116.310354
116.310355
116.310362
116.310366
116.310364
116.310364
116.310348
116.310347
116.310333
116.310355
116.310344
116.31035
116.310332
116.310348
116.310342
116.310339
116.310332
116.310327
116.310326
116.310326
116.310338
116.310365
116.310367
116.310372
116.310378
116.310381
116.310381
116.310379
116.310377
116.310377
116.310381
116.310386
116.310385
116.310379
116.310379
116.310373
116.31037
116.310368
116.310365
116.310374
116.310378
116.310376
116.310376
116.310374
116.31037
116.310368
116.310365
116.310383
116.310376
116.310371
116.310371
116.310372
116.310372
116.31037
116.310387
116.310378
116.310387
116.310385
116.31039
116.310399
116.310401
116.310404
116.310399
116.310397
116.3104
116.310406
116.31041
116.310408
116.310406
116.310406
116.310405
116.310409
116.310411
116.310407
116.31038
116.310376
116.310374
116.310372
116.310371
116.310378
116.310381
116.310385
116.310382
116.310384
116.310382
116.31038
116.310382
116.310383
116.310379
116.310381
116.31039
116.310392
116.310395
116.310395
116.310421
116.310424
116.31042
116.310418
116.310414
116.310413
116.310413
116.310412
116.310409
116.310403
116.310397
116.310399
116.310435
116.310429
116.31043
116.310426
116.31043
116.310434
116.310435
116.310423
116.310409
116.310415
116.310415
116.310401
116.310397
116.310399
116.310396
116.31042
116.31043
116.310438
116.31044
116.310427
116.310432
116.310442
116.310427
116.310436
116.310429
116.310427
116.310426
116.310427
116.31043
116.310426
116.310424
116.310417
116.310417
116.310418
116.310419
116.310418
116.310418
116.310417
116.310402
116.31042
116.310414
116.310426
116.310426
116.310424
116.310422
116.310419
116.310416
116.310411
116.310413
116.310414
116.310417
116.310401
116.310401
116.310399
116.310397
116.310396
116.310393
116.310392
116.310392
116.310391
116.310387
116.310385
116.310384
116.310379
116.310384
116.310382
116.310384
116.310373
116.310364
116.310363
116.310357
116.310356
116.310367
116.310382
116.31038
116.310382
116.310382
116.310377
116.310388
116.310391
116.310403
116.310399
116.310399
116.310379
116.310404
116.310417
116.310432
116.310427
116.31042
116.310407
116.310414
116.31041
116.310393
116.31039
116.31039
116.310392
116.310398
116.310401
116.310413
116.310418
116.310408
116.310405
116.310407
116.310404
116.3104
116.310398
116.310398
116.310402
116.310402
116.310403
116.310404
116.310407
116.310412
116.310413
116.310409
116.310405
116.3104
116.310398
116.310395
116.310378
116.310374
116.31037
116.310367
116.310364
